0000010 0
0000011 0
0001000 0
0001001 0
1001100 0
1001101 0
0001000 0
0001001 0
1010000 0
1010001 0
1010100 0
1010101 0
1001000 0
1001001 0
1001000 0
1001001 0
0010000 0
0010001 0
0101000 0
0101001 0
0010100 0
0010101 0
1001000 0
1001001 0
0111000 0
0111001 0
0111100 0
0111101 0
0111100 0
0111101 0
1010000 0
1010001 0
1000000 0
1000001 0
1001100 1
1001101 0
0111000 0
0111001 0
1010000 0
1010001 0
0111000 0
0111001 0
1010100 0
1010101 0
0010000 0
0010001 0
0110000 0
0110001 0
0111100 0
0111101 0
0111000 0
0111001 0
0010100 0
0010101 0
0101000 0
0101001 0
0111000 0
0111001 0
0001000 0
0001001 0
1010000 0
1010001 0
0101100 0
0101101 0
0101000 0
0101001 0
0101000 0
0101001 0
1001000 0
1001001 0
1100100 0
1100101 0
0111100 0
0111101 0
0111100 0
0111101 0
0111100 0
0111101 0
1000000 0
1000001 0
0111000 0
0111001 0
0111000 0
0111001 0
1010000 0
1010001 0
0111000 0
0111001 0
0111000 0
0111001 0
0110000 0
0110001 0
1001100 1
1001101 0
0111100 0
0111101 0
0111000 0
0111001 0
0111000 0
0111001 0
0111000 0
0111001 0
