0000000 0000000
0000001 0000000
0000010 0000000
0000011 0000000
0000100 0000000
0000101 0000000
0000110 0000000
0000111 0000000
0001000 0000000
0001001 0000001
0001010 0000010
0001011 0000011
0001100 0000100
0001101 0000101
0001110 0000110
0001111 0000111
0010000 0000000
0010001 0000010
0010010 0000100
0010011 0000110
0010100 0001000
0010101 0001010
0010110 0001100
0010111 0001110
0011000 0000000
0011001 0000011
0011010 0000110
0011011 0001001
0011100 0001100
0011101 0001111
0011110 0010010
0011111 0010101
0100000 0000000
0100001 0000100
0100010 0001000
0100011 0001100
0100100 0010000
0100101 0010100
0100110 0011000
0100111 0011100
0101000 0000000
0101001 0000101
0101010 0001010
0101011 0001111
0101100 0010100
0101101 0011001
0101110 0011110
0101111 0100011
0110000 0000000
0110001 0000110
0110010 0001100
0110011 0010010
0110100 0011000
0110101 0011110
0110110 0100100
0110111 0101010
0111000 0000000
0111001 0000111
0111010 0001110
0111011 0010101
0111100 0011100
0111101 0100011
0111110 0101010
0111111 0110001
1000000 0000000
1000001 0001000
1000010 0010000
1000011 0011000
1000100 0100000
1000101 0101000
1000110 0110000
1000111 0111000
1001000 0000000
1001001 0001001
1001010 0010010
1001011 0011011
1001100 0100100
1001101 0101101
1001110 0110110
1001111 0111111
1010000 0000000
1010001 0001010
1010010 0010100
1010011 0011110
1010100 0101000
1010101 0110010
1010110 0111100
1010111 1000110
1011000 0000000
1011001 0001011
1011010 0010110
1011011 0100001
1011100 0101100
1011101 0110111
1011110 1000010
1011111 1001101
1100000 0000000
1100001 0001100
1100010 0011000
1100011 0100100
1100100 0110000
1100101 0111100
1100110 1001000
1100111 1010100
1101000 0000000
1101001 0001101
1101010 0011010
1101011 0100111
1101100 0110100
1101101 1000001
1101110 1001110
1101111 1011011
1110000 0000000
1110001 0001110
1110010 0011100
1110011 0101010
1110100 0111000
1110101 1000110
1110110 1010100
1110111 1100010
1111000 0000000
1111001 0001111
1111010 0011110
1111011 0101101
1111100 0111100
1111101 1001011
1111110 1011010
1111111 1101001
