0000000 0000000 1111111
0000001 0000000 1111111
0000010 0000000 1111111
0000011 0000000 1111111
0000100 0000000 1111111
0000101 0000000 1111111
0000110 0000000 1111111
0000111 0000000 1111111
0001000 0000000 1111111
0001001 0000001 1111111
0001010 0000010 1111111
0001011 0000011 1111111
0001100 0000100 1111111
0001101 0000101 1111111
0001110 0000110 1111111
0001111 0000111 1111111
0010000 0000000 1111111
0010001 0000010 1111111
0010010 0000100 1111111
0010011 0000110 1111111
0010100 0001000 1111111
0010101 0001010 1111111
0010110 0001100 1111111
0010111 0001110 1111111
0011000 0000000 1111111
0011001 0000011 1111111
0011010 0000110 1111111
0011011 0001001 1111111
0011100 0001100 1111111
0011101 0001111 1111111
0011110 0010010 1111111
0011111 0010101 1111111
0100000 0000000 1111111
0100001 0000100 1111111
0100010 0001000 1111111
0100011 0001100 1111111
0100100 0010000 1111111
0100101 0010100 1111111
0100110 0011000 1111111
0100111 0011100 1111111
0101000 0000000 1111111
0101001 0000101 1111111
0101010 0001010 1111111
0101011 0001111 1111111
0101100 0010100 1111111
0101101 0011001 1111111
0101110 0011110 1111111
0101111 0100011 1111111
0110000 0000000 1111111
0110001 0000110 1111111
0110010 0001100 1111111
0110011 0010010 1111111
0110100 0011000 1111111
0110101 0011110 1111111
0110110 0100100 1111111
0110111 0101010 1111111
0111000 0000000 1111111
0111001 0000111 1111111
0111010 0001110 1111111
0111011 0010101 1111111
0111100 0011100 1111111
0111101 0100011 1111111
0111110 0101010 1111111
0111111 0110001 1111111
1000000 0000000 1111111
1000001 0001000 1111111
1000010 0010000 1111111
1000011 0011000 1111111
1000100 0100000 1111111
1000101 0101000 1111111
1000110 0110000 1111111
1000111 0111000 1111111
1001000 0000000 1111111
1001001 0001001 1111111
1001010 0010010 1111111
1001011 0011011 1111111
1001100 0100100 1111111
1001101 0101101 1111111
1001110 0110110 1111111
1001111 0111111 1111111
1010000 0000000 1111111
1010001 0001010 1111111
1010010 0010100 1111111
1010011 0011110 1111111
1010100 0101000 1111111
1010101 0110010 1111111
1010110 0111100 1111111
1010111 1000110 1111111
1011000 0000000 1111111
1011001 0001011 1111111
1011010 0010110 1111111
1011011 0100001 1111111
1011100 0101100 1111111
1011101 0110111 1111111
1011110 1000010 1111111
1011111 1001101 1111111
1100000 0000000 1111111
1100001 0001100 1111111
1100010 0011000 1111111
1100011 0100100 1111111
1100100 0110000 1111111
1100101 0111100 1111111
1100110 1001000 1111111
1100111 1010100 1111111
1101000 0000000 1111111
1101001 0001101 1111111
1101010 0011010 1111111
1101011 0100111 1111111
1101100 0110100 1111111
1101101 1000001 1111111
1101110 1001110 1111111
1101111 1011011 1111111
1110000 0000000 1111111
1110001 0001110 1111111
1110010 0011100 1111111
1110011 0101010 1111111
1110100 0111000 1111111
1110101 1000110 1111111
1110110 1010100 1111111
1110111 1100010 1111111
1111000 0000000 1111111
1111001 0001111 1111111
1111010 0011110 1111111
1111011 0101101 1111111
1111100 0111100 1111111
1111101 1001011 1111111
1111110 1011010 1111111
1111111 1101001 1111111
