000000 0
000100 1
001000 0
001100 1
010000 0
010100 1
011000 0
011100 1
100000 0
100100 1
101000 0
101100 1
110000 0
110100 1
111000 0
111100 1
000001 0
000101 0
001001 1
001101 1
010001 0
010101 0
011001 1
011101 1
100001 0
100101 0
101001 1
101101 1
110001 0
110101 0
111001 1
111101 1
000010 0
000110 0
001010 0
001110 0
010010 1
010110 1
011010 1
011110 1
100010 0
100110 0
101010 0
101110 0
110010 1
110110 1
111010 1
111110 1
000011 0
000111 0
001011 0
001111 0
010011 0
010111 0
011011 0
011111 0
100011 1
100111 1
101011 1
101111 1
110011 1
110111 1
111011 1
111111 1
