00000000 000000
00000000 000000
00000000 000000
00000000 000000
00000001 000001
00000001 000001
00000001 000001
00000001 000001
00000010 000010
00000010 000010
00000010 000010
00000010 000010
00000011 000011
00000011 000011
00000011 000011
00000011 000011
00000100 000100
00000100 000100
00000100 000100
00000100 000100
00000101 000101
00000101 000101
00000101 000101
00000101 000101
00000110 000110
00000110 000110
00000110 000110
00000110 000110
00000111 000111
00000111 000111
00000111 000111
00000111 000111
00001000 000000
00001000 000000
00001000 000000
00001000 000000
00001001 000000
00001001 000000
00001001 000000
00001001 000000
00001010 000000
00001010 000000
00001010 000000
00001010 000000
00001011 000000
00001011 000000
00001011 000000
00001011 000000
00001100 000000
00001100 000000
00001100 000000
00001100 000000
00001101 000000
00001101 000000
00001101 000000
00001101 000000
00001110 000000
00001110 000000
00001110 000000
00001110 000000
00001111 000000
00001111 000000
00001111 000000
00001111 000000
00010000 000001
00010000 000001
00010000 000001
00010000 000001
00010001 000000
00010001 000000
00010001 000000
00010001 000000
00010010 000010
00010010 000010
00010010 000010
00010010 000010
00010011 000011
00010011 000011
00010011 000011
00010011 000011
00010100 000100
00010100 000100
00010100 000100
00010100 000100
00010101 000101
00010101 000101
00010101 000101
00010101 000101
00010110 000110
00010110 000110
00010110 000110
00010110 000110
00010111 000111
00010111 000111
00010111 000111
00010111 000111
00011000 000001
00011000 000001
00011000 000001
00011000 000001
00011001 001000
00011001 001000
00011001 001000
00011001 001000
00011010 000100
00011010 000100
00011010 000100
00011010 000100
00011011 000010
00011011 000010
00011011 000010
00011011 000010
00011100 000001
00011100 000001
00011100 000001
00011100 000001
00011101 001000
00011101 001000
00011101 001000
00011101 001000
00011110 000100
00011110 000100
00011110 000100
00011110 000100
00011111 000010
00011111 000010
00011111 000010
00011111 000010
00100000 000010
00100000 000010
00100000 000010
00100000 000010
00100001 000010
00100001 000010
00100001 000010
00100001 000010
00100010 000000
00100010 000000
00100010 000000
00100010 000000
00100011 000011
00100011 000011
00100011 000011
00100011 000011
00100100 000100
00100100 000100
00100100 000100
00100100 000100
00100101 000101
00100101 000101
00100101 000101
00100101 000101
00100110 000110
00100110 000110
00100110 000110
00100110 000110
00100111 000111
00100111 000111
00100111 000111
00100111 000111
00101000 000010
00101000 000010
00101000 000010
00101000 000010
00101001 000001
00101001 000001
00101001 000001
00101001 000001
00101010 001000
00101010 001000
00101010 001000
00101010 001000
00101011 000100
00101011 000100
00101011 000100
00101011 000100
00101100 000010
00101100 000010
00101100 000010
00101100 000010
00101101 000001
00101101 000001
00101101 000001
00101101 000001
00101110 001000
00101110 001000
00101110 001000
00101110 001000
00101111 000100
00101111 000100
00101111 000100
00101111 000100
00110000 000011
00110000 000011
00110000 000011
00110000 000011
00110001 000011
00110001 000011
00110001 000011
00110001 000011
00110010 000011
00110010 000011
00110010 000011
00110010 000011
00110011 000000
00110011 000000
00110011 000000
00110011 000000
00110100 000100
00110100 000100
00110100 000100
00110100 000100
00110101 000101
00110101 000101
00110101 000101
00110101 000101
00110110 000110
00110110 000110
00110110 000110
00110110 000110
00110111 000111
00110111 000111
00110111 000111
00110111 000111
00111000 000011
00111000 000011
00111000 000011
00111000 000011
00111001 001001
00111001 001001
00111001 001001
00111001 001001
00111010 001100
00111010 001100
00111010 001100
00111010 001100
00111011 000110
00111011 000110
00111011 000110
00111011 000110
00111100 000011
00111100 000011
00111100 000011
00111100 000011
00111101 001001
00111101 001001
00111101 001001
00111101 001001
00111110 001100
00111110 001100
00111110 001100
00111110 001100
00111111 000110
00111111 000110
00111111 000110
00111111 000110
01000000 000100
01000000 000100
01000000 000100
01000000 000100
01000001 000100
01000001 000100
01000001 000100
01000001 000100
01000100 000000
01000100 000000
01000100 000000
01000100 000000
01000101 000101
01000101 000101
01000101 000101
01000101 000101
01001000 000100
01001000 000100
01001000 000100
01001000 000100
01001001 000010
01001001 000010
01001001 000010
01001001 000010
01001100 000100
01001100 000100
01001100 000100
01001100 000100
01001101 000010
01001101 000010
01001101 000010
01001101 000010
01010000 000101
01010000 000101
01010000 000101
01010000 000101
01010001 000101
01010001 000101
01010001 000101
01010001 000101
01010100 000101
01010100 000101
01010100 000101
01010100 000101
01010101 000000
01010101 000000
01010101 000000
01010101 000000
01011000 000101
01011000 000101
01011000 000101
01011000 000101
01011001 001010
01011001 001010
01011001 001010
01011001 001010
01011100 000101
01011100 000101
01011100 000101
01011100 000101
01011101 001010
01011101 001010
01011101 001010
01011101 001010
01100000 000110
01100000 000110
01100000 000110
01100000 000110
01100001 000110
01100001 000110
01100001 000110
01100001 000110
01100100 000110
01100100 000110
01100100 000110
01100100 000110
01100101 000110
01100101 000110
01100101 000110
01100101 000110
01101000 000110
01101000 000110
01101000 000110
01101000 000110
01101001 000011
01101001 000011
01101001 000011
01101001 000011
01101100 000110
01101100 000110
01101100 000110
01101100 000110
01101101 000011
01101101 000011
01101101 000011
01101101 000011
01110000 000111
01110000 000111
01110000 000111
01110000 000111
01110001 000111
01110001 000111
01110001 000111
01110001 000111
01110100 000111
01110100 000111
01110100 000111
01110100 000111
01110101 000111
01110101 000111
01110101 000111
01110101 000111
01111000 000111
01111000 000111
01111000 000111
01111000 000111
01111001 001011
01111001 001011
01111001 001011
01111001 001011
01111100 000111
01111100 000111
01111100 000111
01111100 000111
01111101 001011
01111101 001011
01111101 001011
01111101 001011
10000000 000000
10000000 000000
10000000 000000
10000000 000000
10000001 000000
10000001 000000
10000001 000000
10000001 000000
10000010 000000
10000010 000000
10000010 000000
10000010 000000
10000011 000000
10000011 000000
10000011 000000
10000011 000000
10000100 000000
10000100 000000
10000100 000000
10000100 000000
10000101 000000
10000101 000000
10000101 000000
10000101 000000
10000110 000000
10000110 000000
10000110 000000
10000110 000000
10000111 000000
10000111 000000
10000111 000000
10000111 000000
10001000 000001
10001000 000001
10001000 000001
10001000 000001
10001001 000000
10001001 000000
10001001 000000
10001001 000000
10001010 000000
10001010 000000
10001010 000000
10001010 000000
10001011 000000
10001011 000000
10001011 000000
10001011 000000
10001100 000000
10001100 000000
10001100 000000
10001100 000000
10001101 000000
10001101 000000
10001101 000000
10001101 000000
10001110 000000
10001110 000000
10001110 000000
10001110 000000
10001111 000000
10001111 000000
10001111 000000
10001111 000000
10010000 000000
10010000 000000
10010000 000000
10010000 000000
10010001 000001
10010001 000001
10010001 000001
10010001 000001
10010010 000000
10010010 000000
10010010 000000
10010010 000000
10010011 000001
10010011 000001
10010011 000001
10010011 000001
10010100 000000
10010100 000000
10010100 000000
10010100 000000
10010101 000001
10010101 000001
10010101 000001
10010101 000001
10010110 000000
10010110 000000
10010110 000000
10010110 000000
10010111 000001
10010111 000001
10010111 000001
10010111 000001
10011000 000000
10011000 000000
10011000 000000
10011000 000000
10011001 000001
10011001 000001
10011001 000001
10011001 000001
10011010 000000
10011010 000000
10011010 000000
10011010 000000
10011011 000000
10011011 000000
10011011 000000
10011011 000000
10011100 000000
10011100 000000
10011100 000000
10011100 000000
10011101 000000
10011101 000000
10011101 000000
10011101 000000
10011110 000000
10011110 000000
10011110 000000
10011110 000000
10011111 000000
10011111 000000
10011111 000000
10011111 000000
10100000 000000
10100000 000000
10100000 000000
10100000 000000
10100001 000000
10100001 000000
10100001 000000
10100001 000000
10100010 000010
10100010 000010
10100010 000010
10100010 000010
10100011 000010
10100011 000010
10100011 000010
10100011 000010
10100100 000000
10100100 000000
10100100 000000
10100100 000000
10100101 000000
10100101 000000
10100101 000000
10100101 000000
10100110 000010
10100110 000010
10100110 000010
10100110 000010
10100111 000010
10100111 000010
10100111 000010
10100111 000010
10101000 000000
10101000 000000
10101000 000000
10101000 000000
10101001 000000
10101001 000000
10101001 000000
10101001 000000
10101010 000001
10101010 000001
10101010 000001
10101010 000001
10101011 000000
10101011 000000
10101011 000000
10101011 000000
10101100 000000
10101100 000000
10101100 000000
10101100 000000
10101101 000000
10101101 000000
10101101 000000
10101101 000000
10101110 000000
10101110 000000
10101110 000000
10101110 000000
10101111 000000
10101111 000000
10101111 000000
10101111 000000
10110000 000000
10110000 000000
10110000 000000
10110000 000000
10110001 000001
10110001 000001
10110001 000001
10110001 000001
10110010 000010
10110010 000010
10110010 000010
10110010 000010
10110011 000011
10110011 000011
10110011 000011
10110011 000011
10110100 000000
10110100 000000
10110100 000000
10110100 000000
10110101 000001
10110101 000001
10110101 000001
10110101 000001
10110110 000010
10110110 000010
10110110 000010
10110110 000010
10110111 000011
10110111 000011
10110111 000011
10110111 000011
10111000 000000
10111000 000000
10111000 000000
10111000 000000
10111001 000000
10111001 000000
10111001 000000
10111001 000000
10111010 000000
10111010 000000
10111010 000000
10111010 000000
10111011 000001
10111011 000001
10111011 000001
10111011 000001
10111100 000000
10111100 000000
10111100 000000
10111100 000000
10111101 000000
10111101 000000
10111101 000000
10111101 000000
10111110 000000
10111110 000000
10111110 000000
10111110 000000
10111111 000000
10111111 000000
10111111 000000
10111111 000000
11000000 000000
11000000 000000
11000000 000000
11000000 000000
11000001 000000
11000001 000000
11000001 000000
11000001 000000
11000010 000000
11000010 000000
11000010 000000
11000010 000000
11000011 000000
11000011 000000
11000011 000000
11000011 000000
11000100 000100
11000100 000100
11000100 000100
11000100 000100
11000101 000100
11000101 000100
11000101 000100
11000101 000100
11000110 000100
11000110 000100
11000110 000100
11000110 000100
11000111 000100
11000111 000100
11000111 000100
11000111 000100
11001000 000000
11001000 000000
11001000 000000
11001000 000000
11001001 000000
11001001 000000
11001001 000000
11001001 000000
11001010 000000
11001010 000000
11001010 000000
11001010 000000
11001011 000000
11001011 000000
11001011 000000
11001011 000000
11001100 000001
11001100 000001
11001100 000001
11001100 000001
11001101 000000
11001101 000000
11001101 000000
11001101 000000
11001110 000000
11001110 000000
11001110 000000
11001110 000000
11001111 000000
11001111 000000
11001111 000000
11001111 000000
11010000 000000
11010000 000000
11010000 000000
11010000 000000
11010001 000001
11010001 000001
11010001 000001
11010001 000001
11010010 000000
11010010 000000
11010010 000000
11010010 000000
11010011 000001
11010011 000001
11010011 000001
11010011 000001
11010100 000100
11010100 000100
11010100 000100
11010100 000100
11010101 000101
11010101 000101
11010101 000101
11010101 000101
11010110 000100
11010110 000100
11010110 000100
11010110 000100
11010111 000101
11010111 000101
11010111 000101
11010111 000101
11011000 000000
11011000 000000
11011000 000000
11011000 000000
11011001 000000
11011001 000000
11011001 000000
11011001 000000
11011010 000000
11011010 000000
11011010 000000
11011010 000000
11011011 000000
11011011 000000
11011011 000000
11011011 000000
11011100 000000
11011100 000000
11011100 000000
11011100 000000
11011101 000001
11011101 000001
11011101 000001
11011101 000001
11011110 000000
11011110 000000
11011110 000000
11011110 000000
11011111 000000
11011111 000000
11011111 000000
11011111 000000
11100000 000000
11100000 000000
11100000 000000
11100000 000000
11100001 000000
11100001 000000
11100001 000000
11100001 000000
11100010 000010
11100010 000010
11100010 000010
11100010 000010
11100011 000010
11100011 000010
11100011 000010
11100011 000010
11100100 000100
11100100 000100
11100100 000100
11100100 000100
11100101 000100
11100101 000100
11100101 000100
11100101 000100
11100110 000110
11100110 000110
11100110 000110
11100110 000110
11100111 000110
11100111 000110
11100111 000110
11100111 000110
11101000 000000
11101000 000000
11101000 000000
11101000 000000
11101001 000000
11101001 000000
11101001 000000
11101001 000000
11101010 000000
11101010 000000
11101010 000000
11101010 000000
11101011 000000
11101011 000000
11101011 000000
11101011 000000
11101100 000000
11101100 000000
11101100 000000
11101100 000000
11101101 000000
11101101 000000
11101101 000000
11101101 000000
11101110 000001
11101110 000001
11101110 000001
11101110 000001
11101111 000000
11101111 000000
11101111 000000
11101111 000000
11110000 000000
11110000 000000
11110000 000000
11110000 000000
11110001 000001
11110001 000001
11110001 000001
11110001 000001
11110010 000010
11110010 000010
11110010 000010
11110010 000010
11110011 000011
11110011 000011
11110011 000011
11110011 000011
11110100 000100
11110100 000100
11110100 000100
11110100 000100
11110101 000101
11110101 000101
11110101 000101
11110101 000101
11110110 000110
11110110 000110
11110110 000110
11110110 000110
11110111 000111
11110111 000111
11110111 000111
11110111 000111
11111000 000000
11111000 000000
11111000 000000
11111000 000000
11111001 000000
11111001 000000
11111001 000000
11111001 000000
11111010 000000
11111010 000000
11111010 000000
11111010 000000
11111011 000000
11111011 000000
11111011 000000
11111011 000000
11111100 000000
11111100 000000
11111100 000000
11111100 000000
11111101 000000
11111101 000000
11111101 000000
11111101 000000
11111110 000000
11111110 000000
11111110 000000
11111110 000000
11111111 000001
11111111 000001
11111111 000001
11111111 000001
