000000000 00000000 11111111
000000001 00000101 11111111
000000010 00001010 11111111
000000011 00001111 11111111
000000100 00010100 11111111
000000101 00011001 11111111
000000110 00011110 11111111
000000111 00100011 11111111
000001000 00101000 11111111
000001001 00101101 11111111
000001010 00110010 11111111
000001011 00110111 11111111
000001100 00111100 11111111
000001101 01000001 11111111
000001110 01000110 11111111
000001111 01001011 11111111
000010000 01010000 11111111
000010001 01010101 11111111
000010010 01011010 11111111
000010011 01011111 11111111
000010100 01100100 11111111
000010101 01101001 11111111
000010110 01101110 11111111
000010111 01110011 11111111
000011000 01111000 11111111
000011001 01111101 11111111
000011010 10000010 11111111
000011011 10000111 11111111
000011100 10001100 11111111
000011101 10010001 11111111
000011110 10010110 11111111
000011111 10011011 11111111
000100000 10100000 11111111
000100001 10100101 11111111
000100010 10101010 11111111
000100011 10101111 11111111
000100100 10110100 11111111
000100101 10111001 11111111
000100110 10111110 11111111
000100111 11000011 11111111
000101000 11001000 11111111
000101001 11001101 11111111
000101010 11010010 11111111
000101011 11010111 11111111
000101100 11011100 11111111
000101101 11100001 11111111
000101110 11100110 11111111
000101111 11101011 11111111
000110000 11110000 11111111
000110001 11110101 11111111
000110010 11111010 11111111
000110011 11111111 11111111
100000000 00000000 11111111
100000001 00000011 11111111
100000010 00000110 11111111
100000011 00001001 11111111
100000100 00001100 11111111
100000101 00001111 11111111
100000110 00010010 11111111
100000111 00010101 11111111
100001000 00011000 11111111
100001001 00011011 11111111
100001010 00011110 11111111
100001011 00100001 11111111
100001100 00100100 11111111
100001101 00100111 11111111
100001110 00101010 11111111
100001111 00101101 11111111
100010000 00110000 11111111
100010001 00110011 11111111
100010010 00110110 11111111
100010011 00111001 11111111
100010100 00111100 11111111
100010101 00111111 11111111
100010110 01000010 11111111
100010111 01000101 11111111
100011000 01001000 11111111
100011001 01001011 11111111
100011010 01001110 11111111
100011011 01010001 11111111
100011100 01010100 11111111
100011101 01010111 11111111
100011110 01011010 11111111
100011111 01011101 11111111
100100000 01100000 11111111
100100001 01100011 11111111
100100010 01100110 11111111
100100011 01101001 11111111
100100100 01101100 11111111
100100101 01101111 11111111
100100110 01110010 11111111
100100111 01110101 11111111
100101000 01111000 11111111
100101001 01111011 11111111
100101010 01111110 11111111
100101011 10000001 11111111
100101100 10000100 11111111
100101101 10000111 11111111
100101110 10001010 11111111
100101111 10001101 11111111
100110000 10010000 11111111
100110001 10010011 11111111
100110010 10010110 11111111
100110011 10011001 11111111
100110100 10011100 11111111
100110101 10011111 11111111
100110110 10100010 11111111
100110111 10100101 11111111
100111000 10101000 11111111
100111001 10101011 11111111
100111010 10101110 11111111
100111011 10110001 11111111
100111100 10110100 11111111
100111101 10110111 11111111
100111110 10111010 11111111
100111111 10111101 11111111
