0000010 0
0000011 0
0001000 0
0001001 0
1001100 0
1001101 0
0111100 0
0111101 0
1010000 0
1010001 0
1010100 0
1010101 0
0110100 0
0110101 0
ERROR: line 15
0001000 0
0001001 0
0010000 0
0010001 0
0011100 0
0011101 0
0010100 0
0010101 0
1010100 0
1010101 0
ERROR: line 25
0111000 0
0111001 0
0101100 0
0101101 0
0111000 0
0111001 0
1010000 0
1010001 0
0100100 0
0100101 0
1001100 0
1001101 0
0011000 0
0011001 0
1010000 0
1010001 0
0010100 0
0010101 0
1010100 0
1010101 0
0010000 0
0010001 0
1001000 0
1001001 0
1001000 0
1001001 0
0111100 0
0111101 0
0010100 0
0010101 0
1001000 0
1001001 0
0111000 0
0111001 0
0000100 0
0000101 0
1010000 0
1010001 0
0000100 0
0000101 0
0000100 0
0000101 0
0000100 0
0000101 0
0000100 0
0000101 0
0000100 0
0000101 0
0000100 0
0000101 0
0000100 0
0000101 0
0000100 0
0000101 0
0000100 0
0000101 0
0000100 0
0000101 0
0000100 0
0000101 0
0000100 0
0000101 0
0000100 0
0000101 0
0000100 0
0000101 0
0000100 0
0000101 0
1001100 0
1001101 0
0000100 0
0000101 0
0000100 0
0000101 0
0000100 0
0000101 0
0000100 0
0000101 0
