00000000 00000
00000001 00001
00000010 00010
00000011 00011
00000100 00100
00000101 00101
00000110 00110
00000111 00111
00001000 01000
00001001 01001
00010000 00001
00010001 00010
00010010 00011
00010011 00100
00010100 00101
00010101 00110
00010110 00111
00010111 01000
00011000 01001
00011001 10000
00100000 00010
00100001 00011
00100010 00100
00100011 00101
00100100 00110
00100101 00111
00100110 01000
00100111 01001
00101000 10000
00101001 10001
00110000 00011
00110001 00100
00110010 00101
00110011 00110
00110100 00111
00110101 01000
00110110 01001
00110111 10000
00111000 10001
00111001 10010
01000000 00100
01000001 00101
01000010 00110
01000011 00111
01000100 01000
01000101 01001
01000110 10000
01000111 10001
01001000 10010
01001001 10011
01010000 00101
01010001 00110
01010010 00111
01010011 01000
01010100 01001
01010101 10000
01010110 10001
01010111 10010
01011000 10011
01011001 10100
01100000 00110
01100001 00111
01100010 01000
01100011 01001
01100100 10000
01100101 10001
01100110 10010
01100111 10011
01101000 10100
01101001 10101
01110000 00111
01110001 01000
01110010 01001
01110011 10000
01110100 10001
01110101 10010
01110110 10011
01110111 10100
01111000 10101
01111001 10110
10000000 01000
10000001 01001
10000010 10000
10000011 10001
10000100 10010
10000101 10011
10000110 10100
10000111 10101
10001000 10110
10001001 10111
10010000 01001
10010001 10000
10010010 10001
10010011 10010
10010100 10011
10010101 10100
10010110 10101
10010111 10110
10011000 10111
10011001 11000
