000000000 00000000
000000001 00000101
000000010 00001010
000000011 00001111
000000100 00010100
000000101 00011001
000000110 00011110
000000111 00100011
000001000 00101000
000001001 00101101
000001010 00110010
000001011 00110111
000001100 00111100
000001101 01000001
000001110 01000110
000001111 01001011
000010000 01010000
000010001 01010101
000010010 01011010
000010011 01011111
000010100 01100100
000010101 01101001
000010110 01101110
000010111 01110011
000011000 01111000
000011001 01111101
000011010 10000010
000011011 10000111
000011100 10001100
000011101 10010001
000011110 10010110
000011111 10011011
000100000 10100000
000100001 10100101
000100010 10101010
000100011 10101111
000100100 10110100
000100101 10111001
000100110 10111110
000100111 11000011
000101000 11001000
000101001 11001101
000101010 11010010
000101011 11010111
000101100 11011100
000101101 11100001
000101110 11100110
000101111 11101011
000110000 11110000
000110001 11110101
000110010 11111010
000110011 11111111
100000000 00000000
100000001 00000011
100000010 00000110
100000011 00001001
100000100 00001100
100000101 00001111
100000110 00010010
100000111 00010101
100001000 00011000
100001001 00011011
100001010 00011110
100001011 00100001
100001100 00100100
100001101 00100111
100001110 00101010
100001111 00101101
100010000 00110000
100010001 00110011
100010010 00110110
100010011 00111001
100010100 00111100
100010101 00111111
100010110 01000010
100010111 01000101
100011000 01001000
100011001 01001011
100011010 01001110
100011011 01010001
100011100 01010100
100011101 01010111
100011110 01011010
100011111 01011101
100100000 01100000
100100001 01100011
100100010 01100110
100100011 01101001
100100100 01101100
100100101 01101111
100100110 01110010
100100111 01110101
100101000 01111000
100101001 01111011
100101010 01111110
100101011 10000001
100101100 10000100
100101101 10000111
100101110 10001010
100101111 10001101
100110000 10010000
100110001 10010011
100110010 10010110
100110011 10011001
100110100 10011100
100110101 10011111
100110110 10100010
100110111 10100101
100111000 10101000
100111001 10101011
100111010 10101110
100111011 10110001
100111100 10110100
100111101 10110111
100111110 10111010
100111111 10111101
