00000000 00000 11111
00000001 00001 11111
00000010 00010 11111
00000011 00011 11111
00000100 00100 11111
00000101 00101 11111
00000110 00110 11111
00000111 00111 11111
00001000 01000 11111
00001001 01001 11111
00010000 00001 11111
00010001 00010 11111
00010010 00011 11111
00010011 00100 11111
00010100 00101 11111
00010101 00110 11111
00010110 00111 11111
00010111 01000 11111
00011000 01001 11111
00011001 10000 11111
00100000 00010 11111
00100001 00011 11111
00100010 00100 11111
00100011 00101 11111
00100100 00110 11111
00100101 00111 11111
00100110 01000 11111
00100111 01001 11111
00101000 10000 11111
00101001 10001 11111
00110000 00011 11111
00110001 00100 11111
00110010 00101 11111
00110011 00110 11111
00110100 00111 11111
00110101 01000 11111
00110110 01001 11111
00110111 10000 11111
00111000 10001 11111
00111001 10010 11111
01000000 00100 11111
01000001 00101 11111
01000010 00110 11111
01000011 00111 11111
01000100 01000 11111
01000101 01001 11111
01000110 10000 11111
01000111 10001 11111
01001000 10010 11111
01001001 10011 11111
01010000 00101 11111
01010001 00110 11111
01010010 00111 11111
01010011 01000 11111
01010100 01001 11111
01010101 10000 11111
01010110 10001 11111
01010111 10010 11111
01011000 10011 11111
01011001 10100 11111
01100000 00110 11111
01100001 00111 11111
01100010 01000 11111
01100011 01001 11111
01100100 10000 11111
01100101 10001 11111
01100110 10010 11111
01100111 10011 11111
01101000 10100 11111
01101001 10101 11111
01110000 00111 11111
01110001 01000 11111
01110010 01001 11111
01110011 10000 11111
01110100 10001 11111
01110101 10010 11111
01110110 10011 11111
01110111 10100 11111
01111000 10101 11111
01111001 10110 11111
10000000 01000 11111
10000001 01001 11111
10000010 10000 11111
10000011 10001 11111
10000100 10010 11111
10000101 10011 11111
10000110 10100 11111
10000111 10101 11111
10001000 10110 11111
10001001 10111 11111
10010000 01001 11111
10010001 10000 11111
10010010 10001 11111
10010011 10010 11111
10010100 10011 11111
10010101 10100 11111
10010110 10101 11111
10010111 10110 11111
10011000 10111 11111
10011001 11000 11111
