000000 0 1
000100 1 1
001000 0 1
001100 1 1
010000 0 1
010100 1 1
011000 0 1
011100 1 1
100000 0 1
100100 1 1
101000 0 1
101100 1 1
110000 0 1
110100 1 1
111000 0 1
111100 1 1
000001 0 1
000101 0 1
001001 1 1
001101 1 1
010001 0 1
010101 0 1
011001 1 1
011101 1 1
100001 0 1
100101 0 1
101001 1 1
101101 1 1
110001 0 1
110101 0 1
111001 1 1
111101 1 1
000010 0 1
000110 0 1
001010 0 1
001110 0 1
010010 1 1
010110 1 1
011010 1 1
011110 1 1
100010 0 1
100110 0 1
101010 0 1
101110 0 1
110010 1 1
110110 1 1
111010 1 1
111110 1 1
000011 0 1
000111 0 1
001011 0 1
001111 0 1
010011 0 1
010111 0 1
011011 0 1
011111 0 1
100011 1 1
100111 1 1
101011 1 1
101111 1 1
110011 1 1
110111 1 1
111011 1 1
111111 1 1
