0000000000 00000000 11111111
0000000001 00000001 11111111
0000000010 00000010 11111111
0000000011 00000011 11111111
0000000100 00000100 11111111
0000000101 00000101 11111111
0000000110 00000110 11111111
0000000111 00000111 11111111
0000001000 00001000 11111111
0000001001 00001001 11111111
0000001010 00001010 11111111
0000001011 00001011 11111111
0000001100 00001100 11111111
0000001101 00001101 11111111
0000001110 00001110 11111111
0000001111 00001111 11111111
0000010000 00010000 11111111
0000010001 00010001 11111111
0000010010 00010010 11111111
0000010011 00010011 11111111
0000010100 00010100 11111111
0000010101 00010101 11111111
0000010110 00010110 11111111
0000010111 00010111 11111111
0000011000 00011000 11111111
0000011001 00011001 11111111
0000011010 00011010 11111111
0000011011 00011011 11111111
0000011100 00011100 11111111
0000011101 00011101 11111111
0000011110 00011110 11111111
0000011111 00011111 11111111
0000100000 00100000 11111111
0000100001 00100001 11111111
0000100010 00100010 11111111
0000100011 00100011 11111111
0000100100 00100100 11111111
0000100101 00100101 11111111
0000100110 00100110 11111111
0000100111 00100111 11111111
0000101000 00101000 11111111
0000101001 00101001 11111111
0000101010 00101010 11111111
0000101011 00101011 11111111
0000101100 00101100 11111111
0000101101 00101101 11111111
0000101110 00101110 11111111
0000101111 00101111 11111111
0000110000 00110000 11111111
0000110001 00110001 11111111
0000110010 00110010 11111111
0000110011 00110011 11111111
0000110100 00110100 11111111
0000110101 00110101 11111111
0000110110 00110110 11111111
0000110111 00110111 11111111
0000111000 00111000 11111111
0000111001 00111001 11111111
0000111010 00111010 11111111
0000111011 00111011 11111111
0000111100 00111100 11111111
0000111101 00111101 11111111
0000111110 00111110 11111111
0000111111 00111111 11111111
0001000000 01000000 11111111
0001000001 01000001 11111111
0001000010 01000010 11111111
0001000011 01000011 11111111
0001000100 01000100 11111111
0001000101 01000101 11111111
0001000110 01000110 11111111
0001000111 01000111 11111111
0001001000 01001000 11111111
0001001001 01001001 11111111
0001001010 01001010 11111111
0001001011 01001011 11111111
0001001100 01001100 11111111
0001001101 01001101 11111111
0001001110 01001110 11111111
0001001111 01001111 11111111
0001010000 01010000 11111111
0001010001 01010001 11111111
0001010010 01010010 11111111
0001010011 01010011 11111111
0001010100 01010100 11111111
0001010101 01010101 11111111
0001010110 01010110 11111111
0001010111 01010111 11111111
0001011000 01011000 11111111
0001011001 01011001 11111111
0001011010 01011010 11111111
0001011011 01011011 11111111
0001011100 01011100 11111111
0001011101 01011101 11111111
0001011110 01011110 11111111
0001011111 01011111 11111111
0001100000 01100000 11111111
0001100001 01100001 11111111
0001100010 01100010 11111111
0001100011 01100011 11111111
0001100100 01100100 11111111
0001100101 01100101 11111111
0001100110 01100110 11111111
0001100111 01100111 11111111
0001101000 01101000 11111111
0001101001 01101001 11111111
0001101010 01101010 11111111
0001101011 01101011 11111111
0001101100 01101100 11111111
0001101101 01101101 11111111
0001101110 01101110 11111111
0001101111 01101111 11111111
0001110000 01110000 11111111
0001110001 01110001 11111111
0001110010 01110010 11111111
0001110011 01110011 11111111
0001110100 01110100 11111111
0001110101 01110101 11111111
0001110110 01110110 11111111
0001110111 01110111 11111111
0001111000 01111000 11111111
0001111001 01111001 11111111
0001111010 01111010 11111111
0001111011 01111011 11111111
0001111100 01111100 11111111
0001111101 01111101 11111111
0001111110 01111110 11111111
0001111111 01111111 11111111
0010000000 10000000 11111111
0010000001 10000001 11111111
0010000010 10000010 11111111
0010000011 10000011 11111111
0010000100 10000100 11111111
0010000101 10000101 11111111
0010000110 10000110 11111111
0010000111 10000111 11111111
0010001000 10001000 11111111
0010001001 10001001 11111111
0010001010 10001010 11111111
0010001011 10001011 11111111
0010001100 10001100 11111111
0010001101 10001101 11111111
0010001110 10001110 11111111
0010001111 10001111 11111111
0010010000 10010000 11111111
0010010001 10010001 11111111
0010010010 10010010 11111111
0010010011 10010011 11111111
0010010100 10010100 11111111
0010010101 10010101 11111111
0010010110 10010110 11111111
0010010111 10010111 11111111
0010011000 10011000 11111111
0010011001 10011001 11111111
0010011010 10011010 11111111
0010011011 10011011 11111111
0010011100 10011100 11111111
0010011101 10011101 11111111
0010011110 10011110 11111111
0010011111 10011111 11111111
0010100000 10100000 11111111
0010100001 10100001 11111111
0010100010 10100010 11111111
0010100011 10100011 11111111
0010100100 10100100 11111111
0010100101 10100101 11111111
0010100110 10100110 11111111
0010100111 10100111 11111111
0010101000 10101000 11111111
0010101001 10101001 11111111
0010101010 10101010 11111111
0010101011 10101011 11111111
0010101100 10101100 11111111
0010101101 10101101 11111111
0010101110 10101110 11111111
0010101111 10101111 11111111
0010110000 10110000 11111111
0010110001 10110001 11111111
0010110010 10110010 11111111
0010110011 10110011 11111111
0010110100 10110100 11111111
0010110101 10110101 11111111
0010110110 10110110 11111111
0010110111 10110111 11111111
0010111000 10111000 11111111
0010111001 10111001 11111111
0010111010 10111010 11111111
0010111011 10111011 11111111
0010111100 10111100 11111111
0010111101 10111101 11111111
0010111110 10111110 11111111
0010111111 10111111 11111111
0011000000 11000000 11111111
0011000001 11000001 11111111
0011000010 11000010 11111111
0011000011 11000011 11111111
0011000100 11000100 11111111
0011000101 11000101 11111111
0011000110 11000110 11111111
0011000111 11000111 11111111
0011001000 11001000 11111111
0011001001 11001001 11111111
0011001010 11001010 11111111
0011001011 11001011 11111111
0011001100 11001100 11111111
0011001101 11001101 11111111
0011001110 11001110 11111111
0011001111 11001111 11111111
0011010000 11010000 11111111
0011010001 11010001 11111111
0011010010 11010010 11111111
0011010011 11010011 11111111
0011010100 11010100 11111111
0011010101 11010101 11111111
0011010110 11010110 11111111
0011010111 11010111 11111111
0011011000 11011000 11111111
0011011001 11011001 11111111
0011011010 11011010 11111111
0011011011 11011011 11111111
0011011100 11011100 11111111
0011011101 11011101 11111111
0011011110 11011110 11111111
0011011111 11011111 11111111
0011100000 11100000 11111111
0011100001 11100001 11111111
0011100010 11100010 11111111
0011100011 11100011 11111111
0011100100 11100100 11111111
0011100101 11100101 11111111
0011100110 11100110 11111111
0011100111 11100111 11111111
0011101000 11101000 11111111
0011101001 11101001 11111111
0011101010 11101010 11111111
0011101011 11101011 11111111
0011101100 11101100 11111111
0011101101 11101101 11111111
0011101110 11101110 11111111
0011101111 11101111 11111111
0011110000 11110000 11111111
0011110001 11110001 11111111
0011110010 11110010 11111111
0011110011 11110011 11111111
0011110100 11110100 11111111
0011110101 11110101 11111111
0011110110 11110110 11111111
0011110111 11110111 11111111
0011111000 11111000 11111111
0011111001 11111001 11111111
0011111010 11111010 11111111
0011111011 11111011 11111111
0011111100 11111100 11111111
0011111101 11111101 11111111
0011111110 11111110 11111111
0011111111 11111111 11111111
0100000000 00000000 11111111
0100000001 11111111 11111111
0100000010 11111110 11111111
0100000011 11111101 11111111
0100000100 11111100 11111111
0100000101 11111011 11111111
0100000110 11111010 11111111
0100000111 11111001 11111111
0100010000 00000001 11111111
0100010001 00000000 11111111
0100010010 11111111 11111111
0100010011 11111110 11111111
0100010100 11111101 11111111
0100010101 11111100 11111111
0100010110 11111011 11111111
0100010111 11111010 11111111
0100100000 00000010 11111111
0100100001 00000001 11111111
0100100010 00000000 11111111
0100100011 11111111 11111111
0100100100 11111110 11111111
0100100101 11111101 11111111
0100100110 11111100 11111111
0100100111 11111011 11111111
0100110000 00000011 11111111
0100110001 00000010 11111111
0100110010 00000001 11111111
0100110011 00000000 11111111
0100110100 11111111 11111111
0100110101 11111110 11111111
0100110110 11111101 11111111
0100110111 11111100 11111111
0101000000 00000100 11111111
0101000001 00000011 11111111
0101000010 00000010 11111111
0101000011 00000001 11111111
0101000100 00000000 11111111
0101000101 11111111 11111111
0101000110 11111110 11111111
0101000111 11111101 11111111
0101010000 00000101 11111111
0101010001 00000100 11111111
0101010010 00000011 11111111
0101010011 00000010 11111111
0101010100 00000001 11111111
0101010101 00000000 11111111
0101010110 11111111 11111111
0101010111 11111110 11111111
0101100000 00000110 11111111
0101100001 00000101 11111111
0101100010 00000100 11111111
0101100011 00000011 11111111
0101100100 00000010 11111111
0101100101 00000001 11111111
0101100110 00000000 11111111
0101100111 11111111 11111111
0101110000 00000111 11111111
0101110001 00000110 11111111
0101110010 00000101 11111111
0101110011 00000100 11111111
0101110100 00000011 11111111
0101110101 00000010 11111111
0101110110 00000001 11111111
0101110111 00000000 11111111
0110000000 00001000 11111111
0110000001 00000111 11111111
0110000010 00000110 11111111
0110000011 00000101 11111111
0110000100 00000100 11111111
0110000101 00000011 11111111
0110000110 00000010 11111111
0110000111 00000001 11111111
0110010000 00001001 11111111
0110010001 00001000 11111111
0110010010 00000111 11111111
0110010011 00000110 11111111
0110010100 00000101 11111111
0110010101 00000100 11111111
0110010110 00000011 11111111
0110010111 00000010 11111111
0110100000 00001010 11111111
0110100001 00001001 11111111
0110100010 00001000 11111111
0110100011 00000111 11111111
0110100100 00000110 11111111
0110100101 00000101 11111111
0110100110 00000100 11111111
0110100111 00000011 11111111
0110110000 00001011 11111111
0110110001 00001010 11111111
0110110010 00001001 11111111
0110110011 00001000 11111111
0110110100 00000111 11111111
0110110101 00000110 11111111
0110110110 00000101 11111111
0110110111 00000100 11111111
0111000000 00001100 11111111
0111000001 00001011 11111111
0111000010 00001010 11111111
0111000011 00001001 11111111
0111000100 00001000 11111111
0111000101 00000111 11111111
0111000110 00000110 11111111
0111000111 00000101 11111111
0111010000 00001101 11111111
0111010001 00001100 11111111
0111010010 00001011 11111111
0111010011 00001010 11111111
0111010100 00001001 11111111
0111010101 00001000 11111111
0111010110 00000111 11111111
0111010111 00000110 11111111
0111100000 00001110 11111111
0111100001 00001101 11111111
0111100010 00001100 11111111
0111100011 00001011 11111111
0111100100 00001010 11111111
0111100101 00001001 11111111
0111100110 00001000 11111111
0111100111 00000111 11111111
0111110000 00001111 11111111
0111110001 00001110 11111111
0111110010 00001101 11111111
0111110011 00001100 11111111
0111110100 00001011 11111111
0111110101 00001010 11111111
0111110110 00001001 11111111
0111110111 00001000 11111111
1000000000 00000000 11111111
1000000001 00000001 11111111
1000000010 00000010 11111111
1000000011 00000011 11111111
1000000100 00000100 11111111
1000000101 00000101 11111111
1000000110 00000110 11111111
1000000111 00000111 11111111
1000001000 00001000 11111111
1000001001 00001001 11111111
1000001010 00001010 11111111
1000001011 00001011 11111111
1000001100 00001100 11111111
1000001101 00001101 11111111
1000001110 00001110 11111111
1000001111 00001111 11111111
1000010000 00000001 11111111
1000010001 00000000 11111111
1000010010 00000011 11111111
1000010011 00000010 11111111
1000010100 00000101 11111111
1000010101 00000100 11111111
1000010110 00000111 11111111
1000010111 00000110 11111111
1000011000 00001001 11111111
1000011001 00001000 11111111
1000011010 00001011 11111111
1000011011 00001010 11111111
1000011100 00001101 11111111
1000011101 00001100 11111111
1000011110 00001111 11111111
1000011111 00001110 11111111
1000100000 00000010 11111111
1000100001 00000011 11111111
1000100010 00000000 11111111
1000100011 00000001 11111111
1000100100 00000110 11111111
1000100101 00000111 11111111
1000100110 00000100 11111111
1000100111 00000101 11111111
1000101000 00001010 11111111
1000101001 00001011 11111111
1000101010 00001000 11111111
1000101011 00001001 11111111
1000101100 00001110 11111111
1000101101 00001111 11111111
1000101110 00001100 11111111
1000101111 00001101 11111111
1000110000 00000011 11111111
1000110001 00000010 11111111
1000110010 00000001 11111111
1000110011 00000000 11111111
1000110100 00000111 11111111
1000110101 00000110 11111111
1000110110 00000101 11111111
1000110111 00000100 11111111
1000111000 00001011 11111111
1000111001 00001010 11111111
1000111010 00001001 11111111
1000111011 00001000 11111111
1000111100 00001111 11111111
1000111101 00001110 11111111
1000111110 00001101 11111111
1000111111 00001100 11111111
1001000000 00000100 11111111
1001000001 00000101 11111111
1001000010 00000110 11111111
1001000011 00000111 11111111
1001000100 00000000 11111111
1001000101 00000001 11111111
1001000110 00000010 11111111
1001000111 00000011 11111111
1001001000 00001100 11111111
1001001001 00001101 11111111
1001001010 00001110 11111111
1001001011 00001111 11111111
1001001100 00001000 11111111
1001001101 00001001 11111111
1001001110 00001010 11111111
1001001111 00001011 11111111
1001010000 00000101 11111111
1001010001 00000100 11111111
1001010010 00000111 11111111
1001010011 00000110 11111111
1001010100 00000001 11111111
1001010101 00000000 11111111
1001010110 00000011 11111111
1001010111 00000010 11111111
1001011000 00001101 11111111
1001011001 00001100 11111111
1001011010 00001111 11111111
1001011011 00001110 11111111
1001011100 00001001 11111111
1001011101 00001000 11111111
1001011110 00001011 11111111
1001011111 00001010 11111111
1001100000 00000110 11111111
1001100001 00000111 11111111
1001100010 00000100 11111111
1001100011 00000101 11111111
1001100100 00000010 11111111
1001100101 00000011 11111111
1001100110 00000000 11111111
1001100111 00000001 11111111
1001101000 00001110 11111111
1001101001 00001111 11111111
1001101010 00001100 11111111
1001101011 00001101 11111111
1001101100 00001010 11111111
1001101101 00001011 11111111
1001101110 00001000 11111111
1001101111 00001001 11111111
1001110000 00000111 11111111
1001110001 00000110 11111111
1001110010 00000101 11111111
1001110011 00000100 11111111
1001110100 00000011 11111111
1001110101 00000010 11111111
1001110110 00000001 11111111
1001110111 00000000 11111111
1001111000 00001111 11111111
1001111001 00001110 11111111
1001111010 00001101 11111111
1001111011 00001100 11111111
1001111100 00001011 11111111
1001111101 00001010 11111111
1001111110 00001001 11111111
1001111111 00001000 11111111
1010000000 00001000 11111111
1010000001 00001001 11111111
1010000010 00001010 11111111
1010000011 00001011 11111111
1010000100 00001100 11111111
1010000101 00001101 11111111
1010000110 00001110 11111111
1010000111 00001111 11111111
1010001000 00000000 11111111
1010001001 00000001 11111111
1010001010 00000010 11111111
1010001011 00000011 11111111
1010001100 00000100 11111111
1010001101 00000101 11111111
1010001110 00000110 11111111
1010001111 00000111 11111111
1010010000 00001001 11111111
1010010001 00001000 11111111
1010010010 00001011 11111111
1010010011 00001010 11111111
1010010100 00001101 11111111
1010010101 00001100 11111111
1010010110 00001111 11111111
1010010111 00001110 11111111
1010011000 00000001 11111111
1010011001 00000000 11111111
1010011010 00000011 11111111
1010011011 00000010 11111111
1010011100 00000101 11111111
1010011101 00000100 11111111
1010011110 00000111 11111111
1010011111 00000110 11111111
1010100000 00001010 11111111
1010100001 00001011 11111111
1010100010 00001000 11111111
1010100011 00001001 11111111
1010100100 00001110 11111111
1010100101 00001111 11111111
1010100110 00001100 11111111
1010100111 00001101 11111111
1010101000 00000010 11111111
1010101001 00000011 11111111
1010101010 00000000 11111111
1010101011 00000001 11111111
1010101100 00000110 11111111
1010101101 00000111 11111111
1010101110 00000100 11111111
1010101111 00000101 11111111
1010110000 00001011 11111111
1010110001 00001010 11111111
1010110010 00001001 11111111
1010110011 00001000 11111111
1010110100 00001111 11111111
1010110101 00001110 11111111
1010110110 00001101 11111111
1010110111 00001100 11111111
1010111000 00000011 11111111
1010111001 00000010 11111111
1010111010 00000001 11111111
1010111011 00000000 11111111
1010111100 00000111 11111111
1010111101 00000110 11111111
1010111110 00000101 11111111
1010111111 00000100 11111111
1011000000 00001100 11111111
1011000001 00001101 11111111
1011000010 00001110 11111111
1011000011 00001111 11111111
1011000100 00001000 11111111
1011000101 00001001 11111111
1011000110 00001010 11111111
1011000111 00001011 11111111
1011001000 00000100 11111111
1011001001 00000101 11111111
1011001010 00000110 11111111
1011001011 00000111 11111111
1011001100 00000000 11111111
1011001101 00000001 11111111
1011001110 00000010 11111111
1011001111 00000011 11111111
1011010000 00001101 11111111
1011010001 00001100 11111111
1011010010 00001111 11111111
1011010011 00001110 11111111
1011010100 00001001 11111111
1011010101 00001000 11111111
1011010110 00001011 11111111
1011010111 00001010 11111111
1011011000 00000101 11111111
1011011001 00000100 11111111
1011011010 00000111 11111111
1011011011 00000110 11111111
1011011100 00000001 11111111
1011011101 00000000 11111111
1011011110 00000011 11111111
1011011111 00000010 11111111
1011100000 00001110 11111111
1011100001 00001111 11111111
1011100010 00001100 11111111
1011100011 00001101 11111111
1011100100 00001010 11111111
1011100101 00001011 11111111
1011100110 00001000 11111111
1011100111 00001001 11111111
1011101000 00000110 11111111
1011101001 00000111 11111111
1011101010 00000100 11111111
1011101011 00000101 11111111
1011101100 00000010 11111111
1011101101 00000011 11111111
1011101110 00000000 11111111
1011101111 00000001 11111111
1011110000 00001111 11111111
1011110001 00001110 11111111
1011110010 00001101 11111111
1011110011 00001100 11111111
1011110100 00001011 11111111
1011110101 00001010 11111111
1011110110 00001001 11111111
1011110111 00001000 11111111
1011111000 00000111 11111111
1011111001 00000110 11111111
1011111010 00000101 11111111
1011111011 00000100 11111111
1011111100 00000011 11111111
1011111101 00000010 11111111
1011111110 00000001 11111111
1011111111 00000000 11111111
1100000000 00000000 11111111
1100000001 00000000 11111111
1100000010 00000000 11111111
1100000011 00000000 11111111
1100000100 00000000 11111111
1100000101 00000000 11111111
1100000110 00000000 11111111
1100000111 00000000 11111111
1100001000 00000000 11111111
1100001001 00000000 11111111
1100001010 00000000 11111111
1100001011 00000000 11111111
1100001100 00000000 11111111
1100001101 00000000 11111111
1100001110 00000000 11111111
1100001111 00000000 11111111
1100010000 00000001 11111111
1100010001 00000010 11111111
1100010010 00000100 11111111
1100010011 00001000 11111111
1100010100 00000001 11111111
1100010101 00000010 11111111
1100010110 00000100 11111111
1100010111 00001000 11111111
1100011000 00000001 11111111
1100011001 00000000 11111111
1100011010 00000000 11111111
1100011011 00000000 11111111
1100011100 00000001 11111111
1100011101 00000000 11111111
1100011110 00000000 11111111
1100011111 00000000 11111111
1100100000 00000010 11111111
1100100001 00000100 11111111
1100100010 00001000 11111111
1100100011 00000000 11111111
1100100100 00000010 11111111
1100100101 00000100 11111111
1100100110 00001000 11111111
1100100111 00000000 11111111
1100101000 00000010 11111111
1100101001 00000001 11111111
1100101010 00000000 11111111
1100101011 00000000 11111111
1100101100 00000010 11111111
1100101101 00000001 11111111
1100101110 00000000 11111111
1100101111 00000000 11111111
1100110000 00000011 11111111
1100110001 00000110 11111111
1100110010 00001100 11111111
1100110011 00001000 11111111
1100110100 00000011 11111111
1100110101 00000110 11111111
1100110110 00001100 11111111
1100110111 00001000 11111111
1100111000 00000011 11111111
1100111001 00000001 11111111
1100111010 00000000 11111111
1100111011 00000000 11111111
1100111100 00000011 11111111
1100111101 00000001 11111111
1100111110 00000000 11111111
1100111111 00000000 11111111
1101000000 00000100 11111111
1101000001 00001000 11111111
1101000010 00000000 11111111
1101000011 00000000 11111111
1101000100 00000100 11111111
1101000101 00001000 11111111
1101000110 00000000 11111111
1101000111 00000000 11111111
1101001000 00000100 11111111
1101001001 00000010 11111111
1101001010 00000001 11111111
1101001011 00000000 11111111
1101001100 00000100 11111111
1101001101 00000010 11111111
1101001110 00000001 11111111
1101001111 00000000 11111111
1101010000 00000101 11111111
1101010001 00001010 11111111
1101010010 00000100 11111111
1101010011 00001000 11111111
1101010100 00000101 11111111
1101010101 00001010 11111111
1101010110 00000100 11111111
1101010111 00001000 11111111
1101011000 00000101 11111111
1101011001 00000010 11111111
1101011010 00000001 11111111
1101011011 00000000 11111111
1101011100 00000101 11111111
1101011101 00000010 11111111
1101011110 00000001 11111111
1101011111 00000000 11111111
1101100000 00000110 11111111
1101100001 00001100 11111111
1101100010 00001000 11111111
1101100011 00000000 11111111
1101100100 00000110 11111111
1101100101 00001100 11111111
1101100110 00001000 11111111
1101100111 00000000 11111111
1101101000 00000110 11111111
1101101001 00000011 11111111
1101101010 00000001 11111111
1101101011 00000000 11111111
1101101100 00000110 11111111
1101101101 00000011 11111111
1101101110 00000001 11111111
1101101111 00000000 11111111
1101110000 00000111 11111111
1101110001 00001110 11111111
1101110010 00001100 11111111
1101110011 00001000 11111111
1101110100 00000111 11111111
1101110101 00001110 11111111
1101110110 00001100 11111111
1101110111 00001000 11111111
1101111000 00000111 11111111
1101111001 00000011 11111111
1101111010 00000001 11111111
1101111011 00000000 11111111
1101111100 00000111 11111111
1101111101 00000011 11111111
1101111110 00000001 11111111
1101111111 00000000 11111111
1110000000 00001000 11111111
1110000001 00000000 11111111
1110000010 00000000 11111111
1110000011 00000000 11111111
1110000100 00001000 11111111
1110000101 00000000 11111111
1110000110 00000000 11111111
1110000111 00000000 11111111
1110001000 00001000 11111111
1110001001 00000100 11111111
1110001010 00000010 11111111
1110001011 00000001 11111111
1110001100 00001000 11111111
1110001101 00000100 11111111
1110001110 00000010 11111111
1110001111 00000001 11111111
1110010000 00001001 11111111
1110010001 00000010 11111111
1110010010 00000100 11111111
1110010011 00001000 11111111
1110010100 00001001 11111111
1110010101 00000010 11111111
1110010110 00000100 11111111
1110010111 00001000 11111111
1110011000 00001001 11111111
1110011001 00000100 11111111
1110011010 00000010 11111111
1110011011 00000001 11111111
1110011100 00001001 11111111
1110011101 00000100 11111111
1110011110 00000010 11111111
1110011111 00000001 11111111
1110100000 00001010 11111111
1110100001 00000100 11111111
1110100010 00001000 11111111
1110100011 00000000 11111111
1110100100 00001010 11111111
1110100101 00000100 11111111
1110100110 00001000 11111111
1110100111 00000000 11111111
1110101000 00001010 11111111
1110101001 00000101 11111111
1110101010 00000010 11111111
1110101011 00000001 11111111
1110101100 00001010 11111111
1110101101 00000101 11111111
1110101110 00000010 11111111
1110101111 00000001 11111111
1110110000 00001011 11111111
1110110001 00000110 11111111
1110110010 00001100 11111111
1110110011 00001000 11111111
1110110100 00001011 11111111
1110110101 00000110 11111111
1110110110 00001100 11111111
1110110111 00001000 11111111
1110111000 00001011 11111111
1110111001 00000101 11111111
1110111010 00000010 11111111
1110111011 00000001 11111111
1110111100 00001011 11111111
1110111101 00000101 11111111
1110111110 00000010 11111111
1110111111 00000001 11111111
1111000000 00001100 11111111
1111000001 00001000 11111111
1111000010 00000000 11111111
1111000011 00000000 11111111
1111000100 00001100 11111111
1111000101 00001000 11111111
1111000110 00000000 11111111
1111000111 00000000 11111111
1111001000 00001100 11111111
1111001001 00000110 11111111
1111001010 00000011 11111111
1111001011 00000001 11111111
1111001100 00001100 11111111
1111001101 00000110 11111111
1111001110 00000011 11111111
1111001111 00000001 11111111
1111010000 00001101 11111111
1111010001 00001010 11111111
1111010010 00000100 11111111
1111010011 00001000 11111111
1111010100 00001101 11111111
1111010101 00001010 11111111
1111010110 00000100 11111111
1111010111 00001000 11111111
1111011000 00001101 11111111
1111011001 00000110 11111111
1111011010 00000011 11111111
1111011011 00000001 11111111
1111011100 00001101 11111111
1111011101 00000110 11111111
1111011110 00000011 11111111
1111011111 00000001 11111111
1111100000 00001110 11111111
1111100001 00001100 11111111
1111100010 00001000 11111111
1111100011 00000000 11111111
1111100100 00001110 11111111
1111100101 00001100 11111111
1111100110 00001000 11111111
1111100111 00000000 11111111
1111101000 00001110 11111111
1111101001 00000111 11111111
1111101010 00000011 11111111
1111101011 00000001 11111111
1111101100 00001110 11111111
1111101101 00000111 11111111
1111101110 00000011 11111111
1111101111 00000001 11111111
1111110000 00001111 11111111
1111110001 00001110 11111111
1111110010 00001100 11111111
1111110011 00001000 11111111
1111110100 00001111 11111111
1111110101 00001110 11111111
1111110110 00001100 11111111
1111110111 00001000 11111111
1111111000 00001111 11111111
1111111001 00000111 11111111
1111111010 00000011 11111111
1111111011 00000001 11111111
1111111100 00001111 11111111
1111111101 00000111 11111111
1111111110 00000011 11111111
1111111111 00000001 11111111